# # KDE Config File
# An AMOR version of Ryu from Street Fighter 3 (game from Capcom)
# Pawel Bobrowicz (coolboberNOSPAM@gmail.com)

[Config]
PixmapPath=pics/animated/big_ryu
Description= Ryu from Street Fighter 3 Big 
Description[pl]=Ryu ze Street Fighter 3 rzucajacy Hadouken Duzy.
About=Amor theme created by Pawel Bobrowicz
About[pl]=Styl do programu Amor stworzony przez Pawel Bobrowicz

Icon=../../preview/big_ryu.png
Base=Base
Sequences=Base,Chodzi,Hadouken,Piacha,Shoryuken,Hurricane,Kopie
Focus=Base
Blur=Base
Destroy=Hadouken
Sleep=Base
Wake=Shoryuken

[Base]
Sequence=02593.png,02594.png,02595.png,02596.png,02597.png,02598.png,02599.png,02600.png,02601.png,02602.png
Movement=0,0,0,0,0,0,0,0,0,0
Delay=130,130,130,130,130,130,130,130,130,130
HotspotX=178,178,178,178,178,178,178,178,178,178
HotspotY=160,160,160,160,160,160,160,160,160,160

[Hadouken]
Sequence=03262.png,03263.png,03264.png,03265.png,03266.png,03267.png,03268.png,03269.png,03270.png,03271.png,03272.png,03273.png,03274.png,03275.png,03276.png
Movement=0,0,0,0,0,0,0,0,0,0,0,0,0,0,0
Delay=130,130,130,130,130,130,130,130,130,130,130,130,130,130,130
HotspotX=178,178,178,178,178,178,178,178,178,178,178,178,178,178,178
HotspotY=160,160,160,160,160,160,160,160,160,160,160,160,160,160,160

[Shoryuken]
Sequence=03277.png,03278.png,03279.png,03280.png,03281.png,03282.png,03283.png,03284.png,03285.png,03286.png,03287.png,03288.png,03289.png,03290.png,03178.png,03291.png,02593.png
Movement=0,0,0,0,0,0,0,0,0,0,0,0,0,0,0,0,0
Delay=130,130,130,130,130,130,130,130,130,130,130,130,130,130,130,130,130
HotspotX=178,178,178,178,178,178,178,178,178,178,178,178,178,178,178,178,178
HotspotY=160,160,160,160,160,160,160,160,160,160,160,160,160,160,160,160,160

[Chodzi]
Sequence=02593.png,02605.png,02608.png,02609.png,02610.png,02611.png,02612.png,02613.png,02614.png,02615.png,02616.png,02617.png,02618.png,02608.png,02609.png,02610.png,02611.png,02612.png,02613.png,02614.png,02615.png,02616.png,02617.png,02618.png,02605.png,02593.png,02594.png,02595.png,02596.png,02597.png,02598.png,02599.png,02600.png,02601.png,02602.png,02593.png,02620.png,02621.png,02622.png,02623.png,02624.png,02625.png,02626.png,02627.png,02628.png,02629.png,02630.png,02620.png,02621.png,02622.png,02623.png,02624.png,02625.png,02626.png,02627.png,02628.png,02629.png,02630.png,
Movement=0,0,-10,-10,-10,-10,-10,-10,-10,-10,-10,-10,-10,-10,-10,-10,-10,-10,-10,-10,-10,-10,-10,0,0,0,0,0,0,0,0,0,0,0,0,0,10,10,10,10,10,10,10,10,10,10,10,10,10,10,10,10,10,10,10,10,10,10,0
Delay=130,130,130,130,130,130,130,130,130,130,130,130,130,130,130,130,130,130,130,130,130,130,130,130,130,130,130,130,130,130,130,130,130,130,130,130,130,130,130,130,130,130,130,130,130,130,130,130,130,130,130,130,130,130,130,130,130,130,
HotspotX=178,178,178,178,178,178,178,178,178,178,178,178,178,178,178,178,178,178,178,178,178,178,178,178,178,178,178,178,178,178,178,178,178,178,178,178,178,178,178,178,178,178,178,178,178,178,178,178,178,178,178,178,178,178,178,178,178,178,
HotspotY=160,160,160,160,160,160,160,160,160,160,160,160,160,160,160,160,160,160,160,160,160,160,160,160,160,160,160,160,160,160,160,160,160,160,160,160,160,160,160,160,160,160,160,160,160,160,160,160,160,160,160,160,160,160,160,160,160,160,

[Piacha]
Sequence=02593.png,02944.png,02945.png,02946.png,02947.png,02948.png,02949.png,02950.png,02951.png,02952.png,02953.png,02954.png,02955.png,02956.png,02957.png,02958.png,02959.png,02960.png,02961.png,02962.png,02963.png,02964.png,02965.png,02966.png,
Movement=0,0,0,0,0,0,0,0,0,0,0,0,0,0,0,0,0,0,0,0,0,0,0,0,
Delay=130,130,130,130,130,130,130,130,130,130,130,130,130,130,130,130,130,130,130,130,130,130,130,130,
HotspotX=178,178,178,178,178,178,178,178,178,178,178,178,178,178,178,178,178,178,178,178,178,178,178,178,
HotspotY=160,160,160,160,160,160,160,160,160,160,160,160,160,160,160,160,160,160,160,160,160,160,160,160,

[Kopie]
Sequence=02593.png,03040.png,03041.png,03042.png,03043.png,03044.png,03045.png,03046.png,03048.png,03049.png,03050.png,03051.png,03052.png,03053.png,03065.png,03066.png,03067.png,03068.png,03069.png,03070.png,03071.png,03072.png,03073.png,03075.png,03076.png,03077.png,03078.png,03079.png,
Movement=0,0,0,0,0,0,0,0,0,0,0,0,0,0,0,0,0,0,0,0,0,0,0,0,0,0,0,0,
Delay=130,130,130,130,130,130,130,130,130,130,130,130,130,130,130,130,130,130,130,130,130,130,130,130,130,130,130,130,
HotspotX=178,178,178,178,178,178,178,178,178,178,178,178,178,178,178,178,178,178,178,178,178,178,178,178,178,178,178,178,
HotspotY=160,160,160,160,160,160,160,160,160,160,160,160,160,160,160,160,160,160,160,160,160,160,160,160,160,160,160,160,
#HotspotY=160,160,160,160,160,160,160,160,160,160,160,160,160,160,160,160,160,160,160,160,160,160,160,160,160,160,160,160,

[Hurricane]
Sequence=03292.png,03293.png,03294.png,03295.png,03392.png,03393.png,03394.png,03395.png,03396.png,03397.png,03398.png,03399.png,03400.png,03401.png,02593.png,02593.png,02594.png,02595.png,02596.png,02597.png,02598.png,02599.png,02600.png,02601.png,02602.png,03292.png,03293.png,03294.png,03295.png,03392.png,03393.png,03394.png,03395.png,03396.png,03397.png,03398.png,03399.png,03400.png,03401.png,02593.png
Movement=0,0,0,5,10,10,10,10,10,10,10,10,5,0,0,0,0,0,0,0,0,0,0,0,0,0,0,0,-5,-10,-10,-10,-10,-10,-10,-10,-10,-5,0,0
Delay=120,120,120,120,120,120,120,120,120,120,120,120,120,120,120,120,120,120,120,120,120,120,120,120,120,120,120,120,120,120,120,120,120,120,120,120,120,120,120,120
HotspotX=178,178,178,178,178,178,178,178,178,178,178,178,178,178,178,178,178,178,178,178,178,178,178,178,178,178,178,178,178,178,178,178,178,178,178,178,178,178,178,178
HotspotY=160,160,160,160,160,160,160,160,160,160,160,160,160,160,160,160,160,160,160,160,160,160,160,160,160,160,160,160,160,160,160,160,160,160,160,160,160,160,160,160
