# # KDE Config File
# An AMOR version of Mario - Nintendo
# Pawel Bobrowicz (coolboberNOSPAM@gmail.com)

[Config]
PixmapPath=pics/animated/mario
Description= Mario
Description[pl]=Mario
About=Amor theme created by Pawel Bobrowicz
About[pl]=Styl do programu Amor stworzony przez Pawel Bobrowicz

Icon=../../preview/mario.png
Base=Stoi
Sequences=Stoi,Mlotek,Skacze,Shoryuken,Mruga,Biega
Focus=Mlotek
Blur=Skacze
Destroy=Shoryuken
Sleep=Shoryuken
Wake=Mlotek
[Stoi]
Sequence=0001.png,0002.png,0003.png,0004.png,0005.png,0006.png,0007.png,0008.png,0009.png,0010.png,0011.png,0012.png,0013.png,0014.png,0015.png,0016.png,
Movement=0,0,0,0,0,0,0,0,0,0,0,0,0,0,0,0,0,0,0,0,0,0
Delay=130,130,130,130,130,130,130,130,130,130,130,130,130,130,130,130,130,130,130,130
HotspotX=158,158,158,158,158,158,158,158,158,158,158,158,158,158,158,158,158,158,158,158,158,158,158,158,158,158,158,158
HotspotY=080,080,080,080,080,080,080,080,080,080,080,080,080,080,080,080,080,080,080,080,080,080,080,080,080,080,080,080

[Shoryuken]
Sequence=0100.png,0101.png,0102.png,0103.png,0104.png,0105.png,0106.png,0107.png,0108.png,
Movement=0,0,0,0,0,0,0,0,0,0,0,0,0,0,0,0,0,0,0,0,0,0
Delay=130,130,130,130,130,130,130,130,130,130,130,130,130,130,130,130,130,130,130,130
HotspotX=158,158,158,158,158,158,158,158,158,158,158,158,158,158,158,158,158,158,158,158,158,158,158,158,158,158,158,158
HotspotY=080,080,080,080,080,080,080,080,080,080,080,080,080,080,080,080,080,080,080,080,080,080,080,080,080,080,080,080

[Mruga]
Sequence=0112.png,0113.png,0113.png,0113.png,0113.png,0114.png,0115.png,0114.png,0112.png,0113.png,0113.png,0113.png,0113.png,0114.png,0115.png,0114.png,
Movement=0,0,0,0,0,0,0,0,0,0,0,0,0,0,0,0,0,0,0,0,0,0
Delay=130,130,130,130,130,130,130,130,130,130,130,130,130,130,130,130,130,130,130,130
HotspotX=158,158,158,158,158,158,158,158,158,158,158,158,158,158,158,158,158,158,158,158,158,158,158,158,158,158,158,158
HotspotY=080,080,080,080,080,080,080,080,080,080,080,080,080,080,080,080,080,080,080,080,080,080,080,080,080,080,080,080

[Mlotek]
Sequence=0001.png,0002.png,0003.png,0004.png,0005.png,0006.png,0007.png,0008.png,0009.png,0010.png,0011.png,0012.png,0013.png,0014.png,0015.png,0016.png,0139_1.png,0140.png,0141.png,0142.png,0143.png,0144.png,0145.png,0146.png,0147.png,0148.png,0149.png,0150.png,0151.png,0152.png,0153.png,0154.png,0155.png,0156.png,0157.png,0158.png,0159.png,0160.png,0161.png,0162.png,0163.png,0164.png,0165.png,0166.png,0167.png,0001.png,0002.png,0003.png,0004.png,0005.png,0006.png,0007.png,0008.png,0009.png,0010.png,0011.png,0012.png,0013.png,0014.png,0015.png,0016.png,
Movement=0,0,0,0,0,0,0,0,0,0,0,0,0,0,0,0,0,0,0,0,0,0,0,0,0,0,0,0,0,0,0,0,0,0,0,0,0,0,0,0,0,0,0,0,0,0,0,0,0,0,0,0,0,0,0,0,0,0,0,0,0,0,0,0
Delay=130,130,130,130,130,130,130,130,130,130,130,130,130,130,130,130,130,130,130,130,130,130,130,130,130,130,130,130,130,130,130,130,130,130,130,130,130,130,130,130,130,130,130,130,130,130,130,130,130,130,130,130,130,130,130,130,130,130
HotspotX=158,158,158,158,158,158,158,158,158,158,158,158,158,158,158,158,158,158,158,158,158,158,158,158,158,158,158,158,158,158,158,158,158,158,158,158,158,158,158,158,158,158,158,158,158,158,158,158,158,158,158,158,158,158,158,158,158,158,158,158,158,158,158,158,158,158,158,158,158,158,158,158,158,158,158,158,158,158,158,158,158,158
HotspotY=080,080,080,080,080,080,080,080,080,080,080,080,080,080,080,080,080,080,080,080,080,080,080,080,080,080,080,080,080,080,080,080,080,080,080,080,080,080,080,080,080,080,080,080,080,080,080,080,080,080,080,080,080,080,080,080,080,080,080,080,080,080,080,080,080,080,080,080,080,080,080,080,080,080,080,080,080,080,080,080,080,080


[Skacze]
Sequence=0001.png,0002.png,0003.png,0004.png,0005.png,0006.png,0007.png,0008.png,0009.png,0010.png,0011.png,0012.png,0013.png,0014.png,0015.png,0016.png,0034.png,0035.png,0036.png,0037.png,0038.png,0039.png,0040.png,0041.png,0042.png,0043.png,0001.png,0002.png,0003.png,0004.png,0005.png,0006.png,0007.png,0008.png,0009.png,0010.png,0011.png,0012.png,0013.png,0014.png,0015.png,0016.png,
Movement=0,0,0,0,0,0,0,0,0,0,0,0,0,0,0,0,0,0,0,0,0,0,0,0,0,0,0,0,0,0,0,0,0,0,0,0,0,0,0,0,0,0,0,0,0,0,0,0,0,0,0,0,0,0,0,0,0,0,0,0,0,0,0,0
Delay=130,130,130,130,130,130,130,130,130,130,130,130,130,130,130,130,130,130,130,130,130,130,130,130,130,130,130,130,130,130,130,130,130,130,130,130,130,130,130,130,130,130,130,130,130,130,130,130,130,130,130,130,130,130,130,130,130,130
HotspotX=158,158,158,158,158,158,158,158,158,158,158,158,158,158,158,158,158,158,158,158,158,158,158,158,158,158,158,158,158,158,158,158,158,158,158,158,158,158,158,158,158,158,158,158,158,158,158,158,158,158,158,158,158,158,158,158,158,158,158,158,158,158,158,158,158,158,158,158,158,158,158,158,158,158,158,158,158,158,158,158,158,158
HotspotY=080,080,080,080,080,080,080,080,080,080,080,080,080,080,080,080,080,080,080,080,080,080,080,080,080,080,080,080,080,080,080,080,080,080,080,080,080,080,080,080,080,080,080,080,080,080,080,080,080,080,080,080,080,080,080,080,080,080,080,080,080,080,080,080,080,080,080,080,080,080,080,080,080,080,080,080,080,080,080,080,080,080

[Biega]
Sequence=0043.png,0044.png,0045.png,0046.png,0047.png,0048.png,0049.png,0050.png,0051.png,0052.png,0053.png,0054.png,0043.png,0044.png,0045.png,0046.png,0047.png,0048.png,0049.png,0050.png,0051.png,0052.png,0053.png,0054.png,0001.png,0002.png,0003.png,0004.png,0005.png,0006.png,0007.png,0008.png,0009.png,0010.png,0011.png,0012.png,0013.png,0014.png,0015.png,0016.png,0128.png,0129.png,0130.png,0131.png,0132.png,0133.png,0134.png,0135.png,0136.png,0137.png,0138.png,0128.png,0129.png,0130.png,0131.png,0132.png,0133.png,0134.png,0135.png,0136.png,0137.png,0138.png,0139.png,
Movement=0,0,0,5,10,10,10,10,10,10,10,10,10,10,10,10,10,10,10,10,10,10,10,10,10,5,0,0,0,0,0,0,0,0,0,0,0,0,0,0,0,-5,-10,-10,-10,-10,-10,-10,-10,-10,-10,-10,-10,-10,-10,-10,-10,-10,-10,-10,-10,-10,-10,-5,0,0
Delay=130,130,130,130,130,130,130,130,130,130,130,130,130,130,130,130,130,130,130,130,130,130,130,130,130,130,130,130,130,130,130,130,130,130,130,130,130,130,130,130,130,130,130,130,130,130,130,130,130,130,130,130,130,130,130,130,130,130
HotspotX=158,158,158,158,158,158,158,158,158,158,158,158,158,158,158,158,158,158,158,158,158,158,158,158,158,158,158,158,158,158,158,158,158,158,158,158,158,158,158,158,158,158,158,158,158,158,158,158,158,158,158,158,158,158,158,158,158,158,158,158,158,158,158,158,158,158,158,158,158,158,158,158,158,158,158,158,158,158,158,158,158,158,158,158,158,158,158,158,158,158,158,158,158,158,158,158,158,158,158,158,158,158,158,158,158,158,158,158,158,158,158
HotspotY=080,080,080,080,080,080,080,080,080,080,080,080,080,080,080,080,080,080,080,080,080,080,080,080,080,080,080,080,080,080,080,080,080,080,080,080,080,080,080,080,080,080,080,080,080,080,080,080,080,080,080,080,080,080,080,080,080,080,080,080,080,080,080,080,080,080,080,080,080,080,080,080,080,080,080,080,080,080,080,080,080,080,080,080,080,080,080,080,080,080,080,080,080,080,080,080,080,080,080,080,080,080,080,080,080,080,080,080,080,080,080,080,
