# # KDE Config File
# An AMOR version of Vader - Nintendo
# Pawel Bobrowicz (coolboberNOSPAM@gmail.com)

[Config]
PixmapPath=pics/animated/vader
Description= Vader
Description[pl]=Vader
About=Amor theme created by Pawel Bobrowicz based on Dan Hollandsworth sprites
About[pl]=Styl do programu Amor stworzony przez Pawel Bobrowicz bazuje na spritach Dan Hollandsworth

Icon=../../preview/vader.png
Base=Stoi
Sequences=Stoi,idzie,skacze,dwamiecze,dzedaj
Focus=dwamiecze
Blur=dzedaj
Destroy=mieczyk
Sleep=skacze
Wake=skacze

[Stoi]
Sequence=000.png,001.png,002.png,003.png,004.png,005.png,006.png,005.png,004.png,003.png,002.png,001.png,000.png
Movement=0,0,0,0,0,0,0,0,0,0,0,0,0,0,0,0,0,0,0,0,0,0,0,0,0,0,0,0,0,0,0,0,0,0,0,0,0,0,0,0,0,0,0,0,0,0,0,0,0,0,0,0,0,0,0,0,0,0,0,0,0,0,0,0,0,0,0,0,0,0,0,0,0,0,0,0,0,0,0,0,0,0,0,0,0,0,0
Delay=130,130,130,130,130,130,130,130,130,130,130,130,130,130,130,130,130,130,130,130,130,130,130,130,130,130,130,130,130,130,130,130,130,130,130,130,130,130,130,130,130,130,130,130,130,130,130,130,130,130,130,130,130,130
HotspotX=158,158,158,158,158,158,158,158,158,158,158,158,158,158,158,158,158,158,158,158,158,158,158,158,158,158,158,158,158,158,158,158,158,158,158,158,158,158,158,158,158,158,158,158,158,158,158,158,158,158,158,158,158,158
HotspotY=210,210,210,210,210,210,210,210,210,210,210,210,210,210,210,210,210,210,210,210,210,210,210,210,210,210,210,210,210,210,210,210,210,210,210,210,210,210,210,210,210,210,210,210,210,210,210,210,210,210,210,210,210,210

[idzie]
Sequence=007.png,008.png,009.png,010.png,011.png,012.png,007.png,008.png,009.png,010.png,011.png,012.png,007.png,008.png,009.png,010.png,011.png,012.png,007.png,008.png,009.png,010.png,011.png,012.png,021.png,022.png,023.png,024.png,025.png,026.png,021.png,022.png,023.png,024.png,025.png,026.png,021.png,022.png,023.png,024.png,025.png,026.png,021.png,022.png,023.png,024.png,025.png,026.png,
Movement=14,14,14,14,14,14,14,14,14,14,14,14,14,14,14,14,14,14,14,14,14,14,14,14,-14,-14,-14,-14,-14,-14,-14,-14,-14,-14,-14,-14,-14,-14,-14,-14,-14,-14,-14,-14,-14,-14,-14,-14,
Delay=130,130,130,130,130,130,130,130,130,130,130,130,130,130,130,130,130,130,130,130,130,130,130,130,130,130,130,130,130,130,130,130,130,130,130,130,130,130,130,130,130,130,130,130,130,130,130,130,130,130,130,130,130
HotspotX=158,158,158,158,158,158,158,158,158,158,158,158,158,158,158,158,158,158,158,158,158,158,158,158,158,158,158,158,158,158,158,158,158,158,158,158,158,158,158,158,158,158,158,158,158,158,158,158,158,158,158,158,158,158,158,158,
HotspotY=210,210,210,210,210,210,210,210,210,210,210,210,210,210,210,210,210,210,210,210,210,210,210,210,210,210,210,210,210,210,210,210,210,210,210,210,210,210,210,210,210,210,210,210,210,210,210,210,210,210,210,210,210,210,210,210,

[skacze]
Sequence=013.png,014.png,015.png,016.png,017.png,018.png,019.png,018.png,017.png,016.png,015.png,014.png,013.png,
Movement=0,0,0,0,0,0,0,0,0,0,0,0,0,0,0,0,0,0,0,0,0,0,0,0,0,0,0,0,0,0,0,0,0,0,0,0,0,0,0,0,0,0,0,0,0,0,0,0,0,0,0,0,0,0,0,0,0,0,0,0,0,0,0,0,0,0,0,0,0,0,0,0,0,0,0,0,0,0,0,0,0,0,0,0,0,0,0
Delay=130,130,130,130,130,130,130,130,130,130,130,130,130,130,130,130,130,130,130,130,130,130,130,130,130,130,130,130,130,130,130,130,130,130,130,130,130,130,130,130,130,130,130,130,130,130,130,130,130,130,130,130,130
HotspotX=195,195,195,195,195,195,195,195,195,195,195,195,195,195,195,195,195,195,195,195,195,195,195,195,195,195,195,195,195,195,195,195,195,195,195,195,195,195,195,195,195,195,195,195,195,195,195,195,195,195,195,195,195,195,195,195,
HotspotY=220,220,220,220,220,220,220,220,220,220,220,220,220,220,220,220,220,220,220,220,220,220,220,220,220,220,220,220,220,220,220,220,220,220,220,220,220,220,220,220,220,220,220,220,220,220,220,220,220,220,220,220,220,220,220,220,

[dwamiecze]
Sequence=033.png,034.png,035.png,036.png,037.png,038.png,039.png,040.png,040.png,040.png,039.png,038.png,037.png,036.png,035.png,034.png,033.png,
Movement=0,0,0,0,0,0,0,0,0,0,0,0,0,0,0,0,0,0,0,0,0,0,0,0,0,0,0,0,0,0,0,0,0,0,0,0,0,0,0,0,0,0,0,0,0,0,0,0,0,0,0,0,0,0,0,0,0,0,0,0,0,0,0,0,0,0,0,0,0,0,0,0,0,0,0,0,0,0,0,0,0,0,0,0,0,0,0
Delay=130,130,130,130,130,130,130,130,130,130,130,130,130,130,130,130,130,130,130,130,130,130,130,130,130,130,130,130,130,130,130,130,130,130,130,130,130,130,130,130,130,130,130,130,130,130,130,130,130,130,130,130,130,130
HotspotX=198,198,198,198,198,198,198,198,198,198,198,198,198,198,198,198,198,198,198,
HotspotY=210,210,210,210,210,210,210,210,210,210,210,210,210,210,210,210,210,210,210,210,210,210,210,210,210,210,210,210,210,210,210,210,210,210,210,210,210,210,210,210,210,210,210,210,210,210,210,210,210,210,210,210,210,210

[dzedaj]
Sequence=041.png,042.png,043.png,044.png,045.png,046.png,000.png,001.png,002.png,003.png,004.png,005.png,006.png,005.png,004.png,003.png,002.png,001.png,000.png,046.png,045.png,044.png,043.png,042.png,041.png
Movement=0,0,0,0,0,0,0,0,0,0,0,0,0,0,0,0,0,0,0,0,0,0,0,0,0,0,0,0,0,0,0,0,0,0,0,0,0,0,0,0,0,0,0,0,0,0,0,0,0,0,0,0,0,0,0,0,0,0,0,0,0,0,0,0,0,0,0,0,0,0,0,0,0,0,0,0,0,0,0,0,0,0,0,0,0,0,0
Delay=130,130,130,130,130,130,130,130,130,130,130,130,130,130,130,130,130,130,130,130,130,130,130,130,130,130,130,130,130,130,130,130,130,130,130,130,130,130,130,130,130,130,130,130,130,130,130,130,130,130,130,130,130,130
HotspotX=158,158,158,158,158,158,158,158,158,158,158,158,158,158,158,158,158,158,158,158,158,158,158,158,158,158,158,158,158,158,158,158,158,158,158,158,158,158,158,158,158,158,158,158,158,158,158,158,158,158,158,158,158,158
HotspotY=210,210,210,210,210,210,210,210,210,210,210,210,210,210,210,210,210,210,210,210,210,210,210,210,210,210,210,210,210,210,210,210,210,210,210,210,210,210,210,210,210,210,210,210,210,210,210,210,210,210,210,210,210,210

[mieczyk]
Sequence=000.png,001.png,002.png,003.png,004.png,005.png,006.png,005.png,004.png,003.png,002.png,001.png,000.png,027.png,027.png,028.png,029.png,030.png,031.png,032.png,028.png,028.png
Movement=0,0,0,0,0,0,0,0,0,0,0,0,0,0,0,0,0,0,0,0,0,0,0,0,0,0,0,0,0,0,0,0,0,0,0,0,0,0,0,0,0,0,0,0,0,0,0,0,0,0,0,0,0,0,0,0,0,0,0,0,0,0,0,0,0,0,0,0,0,0,0,0,0,0,0,0,0,0,0,0,0,0,0,0,0,0,0
Delay=130,130,130,130,130,130,130,130,130,130,130,130,130,130,130,130,130,130,130,130,130,130,130,130,130,130,130,130,130,130,130,130,130,130,130,130,130,130,130,130,130,130,130,130,130,130,130,130,130,130,130,130,130,130
HotspotX=158,158,158,158,158,158,158,158,158,158,158,158,158,158,158,158,158,158,158,158,158,158,158,158,158,158,158,158,158,158,158,158,158,158,158,158,158,158,158,158,158,158,158,158,158,158,158,158,158,158,158,158,158,158
HotspotY=210,210,210,210,210,210,210,210,210,210,210,210,210,210,210,210,190,190,190,190,210,210

